-0.1     0
-0.01    0
-0.001   0
0        0.166666666666667
1        0.152777777777778
2        0.138888888888889
3        0.125000000000000
-1       0
9        0.0416666666666667
9.5      0.0347222222222222
9.9      0.0291666666666667
10       0.0277777777777778

-0.1     0
-0.01    0
-0.001   0
0        0.102214285714286
1        0.120133673469388
2        0.139219727891157
3        0.158305782312925
-1       0
9        0.0445809523809525
9.5      0.0404857142857144
9.9      0.00531428571428571
10       0.00514285714285715


-0.1     0
-0.01    0
-0.001   0
0        0.222222222222222
1        0.197530864197531
2        0.172839506172839
3        0.148148148148148
-1       0
9        0
9.5      0
9.9      0
10       0

-0.1     0
-0.01    0
-0.001   0
0        0.296296296296296
1        0.196159122085048
2        0.156927297668038
3        0.214814814814815
-1       0
9        0
9.5      0
9.9      0
10       0
